ALA  0.500  0.300  0.400
CYS  0.000  0.000  0.000
ASP -0.292 -0.100 -0.100
GLU  0.420  0.000  0.150
PHE  0.000  0.000  0.000
GLY -0.000  0.000  0.000
HIS -0.790 -0.730 -0.500
ILE  0.200  0.200  0.200
LYS  0.150  0.000  0.000
LEU  0.200  0.200  0.200
MET  0.100  0.100  0.100
ASN -0.283 -0.261 -0.100
PRO  0.400  0.594  0.528
GLN -0.200 -0.540 -0.400
ARG -0.200 -0.200 -0.211
SER -0.350  0.000  0.000
THR -0.350  0.263  0.031
VAL  0.100  0.200  0.269
TRP -0.058  0.012 -0.150
TYR  0.000  0.000  0.000
