ALA  0.400  0.400  0.414
CYS  0.000  0.000  0.000
ASP -0.292 -0.100 -0.100
GLU  0.301  0.056  0.200
PHE  0.000  0.000  0.000
GLY -0.003  0.000  0.000
HIS -0.797 -0.691 -0.525
ILE  0.200  0.200  0.200
LYS  0.134  0.000  0.000
LEU  0.238  0.242  0.200
MET -0.143  0.000 -0.247
ASN -0.288 -0.200 -0.200
PRO  0.400  0.646  0.505
GLN -0.300 -0.494 -0.376
ARG -0.200 -0.200 -0.200
SER -0.306 -0.122 -0.200
THR -0.256  0.249  0.029
VAL  0.200  0.200  0.275
TRP -0.059  0.000 -0.188
TYR  0.000  0.000  0.000
