ALA  0.400  0.300  0.400
CYS  0.000  0.000  0.000
ASP -0.300 -0.200  0.000
GLU  0.300  0.000  0.150
PHE  0.200  0.200  0.200
GLY -0.000  0.000  0.000
HIS -0.600 -0.600 -0.500
ILE  0.300  0.200  0.200
LYS  0.100  0.000  0.000
LEU  0.350  0.300  0.200
MET  0.100  0.100  0.100
ASN -0.300 -0.300 -0.200
PRO  0.400  0.600  0.500
GLN -0.250 -0.400 -0.400
ARG -0.200 -0.200 -0.200
SER -0.400 -0.200  0.000
THR -0.400  0.100  0.000
VAL  0.100  0.100  0.300
TRP  0.000  0.000  0.000
TYR  0.000  0.000  0.000
